key	win	tie	loss	stderr
2587152	0.214422789411	0.047840219961	0.737736990628	0.000000000000
2525979	0.332471336865	0.006502350050	0.661026313085	0.000000000000
727835	0.230989357030	0.476488403928	0.292522239042	0.000000000000
2718235	0.341244311758	0.009644899504	0.649110788738	0.000000000000
207120	0.358464384829	0.015542216803	0.625993398369	0.000000000000
478214	0.401047360749	0.004441968249	0.594510671002	0.000000000000
2644498	0.358765149179	0.010168171072	0.631066679748	0.000000000000
2701846	0.359009848718	0.010639465889	0.630350685392	0.000000000000
5876760	0.329164681038	0.004110835459	0.666724483503	0.000000000000
535058	0.354995958662	0.010869565217	0.634134476121	0.000000000000
88320	0.319265737860	0.016085344658	0.664648917482	0.000000000000
3884314	0.523541380503	0.006882539549	0.469576079948	0.000000000000
2784000	0.336332800718	0.008794583205	0.654872616078	0.000000000000
5028635	0.283651734739	0.002936394472	0.713411870789	0.000000000000
1779712	0.602308935796	0.009069651183	0.388621413020	0.000000000000
567830	0.115497014549	0.005932941814	0.878570043637	0.000000000000
3456016	0.358488329175	0.005132850242	0.636378820583	0.000000000000
367108	0.337458184995	0.010570552892	0.651971262112	0.000000000000
1129499	0.531169698839	0.005347765350	0.463482535811	0.000000000000
5024534	0.576053668040	0.004235229258	0.419711102701	0.000000000000
1656068	0.565558452237	0.014736869154	0.419704678608	0.000000000000
1387542	0.362897592951	0.005304548725	0.631797858324	0.000000000000
201734	0.397062671114	0.123325063774	0.479612265112	0.000000000000
1647621	0.551448224147	0.014247470075	0.434304305777	0.000000000000
2701082	0.539460866762	0.014072851550	0.446466281688	0.000000000000
1328902	0.289883104869	0.103460016446	0.606656878685	0.000000000000
465176	0.355351035797	0.015264228782	0.629384735421	0.000000000000
3897861	0.558611671759	0.007443771667	0.433944556574	0.000000000000
1591573	0.341326656949	0.015044057597	0.643629285454	0.000000000000
1124114	0.528583709435	0.009557298237	0.461858992328	0.000000000000
3386394	0.499257725264	0.004242821368	0.496499453368	0.000000000000
3517467	0.363118932152	0.003623188406	0.633257879442	0.000000000000
8031002	0.333721698951	0.006829978789	0.659448322261	0.000000000000
157723	0.334588367486	0.020414015268	0.644997617246	0.000000000000
411930	0.334362356217	0.014305286912	0.651332356871	0.000000000000
4561158	0.223330086246	0.006424092918	0.770245820836	0.000000000000
207126	0.379216540988	0.015903718031	0.604879740981	0.000000000000
3438854	0.398339313580	0.013248815631	0.588411870789	0.000000000000
1389330	0.285288710416	0.014637587718	0.700073701866	0.000000000000
26129	0.171501088592	0.005727954849	0.822770956559	0.000000000000
3701521	0.344591264168	0.008050556443	0.647358179389	0.000000000000
3635226	0.206577803941	0.073707706108	0.719714489950	0.000000000000
406545	0.505140442351	0.052269340024	0.442590217625	0.000000000000
1403160	0.317082130276	0.014496841682	0.668421028042	0.000000000000
206104	0.350554574421	0.082853862398	0.566591563180	0.000000000000
1616645	0.333811636252	0.007565245424	0.658623118325	0.000000000000
84486	0.383130565601	0.010515072090	0.606354362309	0.000000000000
403226	0.333487511563	0.031347821415	0.635164667022	0.000000000000
2638849	0.335883114213	0.011517230585	0.652599655201	0.000000000000
1526040	0.354404942113	0.014467057252	0.631128000635	0.000000000000
595206	0.596856048926	0.014698908605	0.388445042469	0.000000000000
5864209	0.350851834721	0.007648174623	0.641499990656	0.000000000000
1325592	0.370090824994	0.010795980153	0.619113194853	0.000000000000
2853381	0.541722147469	0.007397634999	0.450880217531	0.000000000000
3953938	0.318371036919	0.004095651239	0.677533311842	0.000000000000
4544539	0.266892444332	0.078382109719	0.654725445949	0.000000000000
5998874	0.512525813173	0.006483077771	0.480991109055	0.000000000000
2254354	0.183605247666	0.009955591998	0.806439160336	0.000000000000
2844949	0.543016310188	0.007978723404	0.449004966408	0.000000000000
678161	0.571737261608	0.011288299274	0.416974439118	0.000000000000
5659	0.530425672077	0.006345251778	0.463229076145	0.000000000000
2909956	0.568971981611	0.005040576907	0.425987441482	0.000000000000
6794261	0.350599543072	0.004714700193	0.644685756735	0.000000000000
2312452	0.397900723236	0.014934848018	0.587164428746	0.000000000000
2905621	0.530432096170	0.005145114419	0.464422789411	0.000000000000
5007121	0.559401251180	0.004659219391	0.435939529429	0.000000000000
354053	0.312791420215	0.027399924313	0.659808655472	0.000000000000
1415941	0.351671782581	0.007374274662	0.640953942758	0.000000000000
1186070	0.273724759155	0.060146445958	0.666128794887	0.000000000000
2518042	0.224602640653	0.027767265626	0.747630093722	0.000000000000
2439941	0.393930633813	0.007749792093	0.598319574094	0.000000000000
5929477	0.257502172511	0.138172894533	0.604324932956	0.000000000000
3700752	0.212128804231	0.151930381521	0.635940814248	0.000000000000
2246168	0.503332352199	0.013023388370	0.483644259431	0.000000000000
3954710	0.577015529953	0.004322246517	0.418662223530	0.000000000000
538648	0.219367588933	0.434446803839	0.346185607229	0.000000000000
665877	0.561855838683	0.011662648689	0.426481512629	0.000000000000
3761944	0.541883333801	0.014321055140	0.443795611060	0.000000000000
529170	0.548699880395	0.022193489007	0.429106630598	0.000000000000
3885844	0.224603224661	0.364574281202	0.410822494137	0.000000000000
2906630	0.622461899289	0.004263261664	0.373274839047	0.000000000000
2640645	0.380493767462	0.007318793859	0.612187438679	0.000000000000
268310	0.368049715471	0.021982661957	0.609967622572	0.000000000000
2309124	0.294551084387	0.026435726366	0.679013189247	0.000000000000
744449	0.385916869902	0.005334333156	0.608748796943	0.000000000000
2304026	0.268072725404	0.079009918799	0.652917355797	0.000000000000
3766802	0.340207696764	0.010188611368	0.649603691868	0.000000000000
363544	0.314187200404	0.004491024958	0.681321774638	0.000000000000
2438161	0.502961506835	0.083648113886	0.413390379278	0.000000000000
609045	0.343154019380	0.008458778348	0.648387202272	0.000000000000
1337365	0.309657630888	0.020357366449	0.669985002663	0.000000000000
1579542	0.235781146339	0.046652930788	0.717565922874	0.000000000000
4806150	0.579982876872	0.013294952298	0.406722170829	0.000000000000
592645	0.266916972687	0.028042333604	0.705040693709	0.000000000000
1874454	0.562463791476	0.005005536400	0.432530672124	0.000000000000
608280	0.567576785431	0.014791181940	0.417632032630	0.000000000000
3901712	0.509651907605	0.007713583569	0.482634508826	0.000000000000
2373659	0.386508470459	0.020618418225	0.592873111317	0.000000000000
223237	0.352069492333	0.019132700735	0.628797806931	0.000000000000
293908	0.326498682477	0.005398574085	0.668102743438	0.000000000000
2915354	0.231441379568	0.150158499893	0.618400120539	0.000000000000
2460696	0.341599388894	0.004266765714	0.654133845392	0.000000000000
730651	0.577242709239	0.007722927704	0.415034363057	0.000000000000
3947547	0.021663793345	0.956672413310	0.021663793345	0.000000000000
8026886	0.294030732861	0.030362599165	0.675606667975	0.000000000000
2521604	0.352291999551	0.010584569095	0.637123431353	0.000000000000
6908698	0.249219180706	0.030973472000	0.719807347293	0.000000000000
4557328	0.339575215616	0.009792069632	0.650632714752	0.000000000000
551195	0.337255534064	0.014339159402	0.648405306534	0.000000000000
2840346	0.516954349228	0.007052486007	0.475993164765	0.000000000000
133124	0.286659962250	0.075876129472	0.637463908278	0.000000000000
534021	0.558720297330	0.019627355890	0.421652346780	0.000000000000
477446	0.398279160710	0.013731206608	0.587989632682	0.000000000000
674817	0.392463020585	0.005357693494	0.602179285921	0.000000000000
4680730	0.356945378858	0.003759846382	0.639294774760	0.000000000000
347154	0.349569936180	0.004693675889	0.645736387931	0.000000000000
2328852	0.347925368393	0.013624917071	0.638449714537	0.000000000000
1194240	0.339251674936	0.016257043142	0.644491281922	0.000000000000
3513089	0.385635961839	0.007568165466	0.606795872696	0.000000000000
5987348	0.227226006597	0.031233939768	0.741540053635	0.000000000000
4827649	0.155750380774	0.005392734001	0.838856885226	0.000000000000
2927121	0.296048482045	0.004966991843	0.698984526112	0.000000000000
8043520	0.326550659229	0.005886221138	0.667563119633	0.000000000000
1193489	0.328389117820	0.052696834207	0.618914047973	0.000000000000
1214720	0.327956367561	0.014031386950	0.658012245489	0.000000000000
1865489	0.311242045805	0.004851358170	0.683906596025	0.000000000000
3755012	0.393219311524	0.005060433194	0.601720255282	0.000000000000
1660182	0.303273250544	0.010416374662	0.686310374793	0.000000000000
1517569	0.388506947364	0.020927942702	0.590565109934	0.000000000000
4811024	0.216319064839	0.197408871322	0.586272063839	0.000000000000
498176	0.288710415907	0.011420869191	0.699868714901	0.000000000000
3553285	0.287540646988	0.074506629664	0.637952723348	0.000000000000
3767061	0.338912950037	0.007789504667	0.653297545296	0.000000000000
2791941	0.258505499024	0.079588087162	0.661906413814	0.000000000000
5671424	0.337345471365	0.010707794878	0.651946733758	0.000000000000
1735186	0.222449401508	0.151952573842	0.625598024650	0.000000000000
7064577	0.152194937348	0.004208364870	0.843596697783	0.000000000000
3901974	0.554789336473	0.007366682552	0.437843980975	0.000000000000
1255192	0.385391846308	0.033333450135	0.581274703557	0.000000000000
672774	0.339666904942	0.007411651202	0.652921443856	0.000000000000
1275675	0.178101552061	0.012343602538	0.809554845401	0.000000000000
2574363	0.344842971809	0.020264509106	0.634892519085	0.000000000000
158745	0.340562189892	0.005425438474	0.654012371635	0.000000000000
207621	0.393645637691	0.008421401807	0.597932960502	0.000000000000
2632708	0.267277305899	0.024805174782	0.707917519319	0.000000000000
4545041	0.272256561919	0.047743858567	0.679999579514	0.000000000000
3508992	0.340798129304	0.008437170035	0.650764700661	0.000000000000
1652240	0.530209004943	0.014873527131	0.454917467926	0.000000000000
1682177	0.336807015577	0.008086180959	0.655106803465	0.000000000000
530961	0.350911403583	0.011936548650	0.637152047767	0.000000000000
2713876	0.222930040460	0.208654537979	0.568415421561	0.000000000000
5807128	0.340188424485	0.003941473009	0.655870102505	0.000000000000
3574532	0.369662746802	0.007683799138	0.622653454060	0.000000000000
4872981	0.344289331801	0.007267985124	0.648442683075	0.000000000000
1452314	0.333784771863	0.014507937843	0.651707290294	0.000000000000
1320980	0.371731304722	0.022173048711	0.606095646567	0.000000000000
3487768	0.270179243873	0.079771465814	0.650049290313	0.000000000000
2311700	0.338019417113	0.051269517562	0.610711065325	0.000000000000
1350401	0.367847064540	0.007777240490	0.624375694970	0.000000000000
5995009	0.591901905269	0.007467716013	0.400630378718	0.000000000000
403205	0.373739709771	0.029646020800	0.596614269429	0.000000000000
5008134	0.624517609023	0.003859127818	0.371623263159	0.000000000000
2639642	0.523028621086	0.019802558424	0.457168820490	0.000000000000
3439366	0.411845676936	0.006839906932	0.581314416132	0.000000000000
1779218	0.575013548996	0.008067492688	0.416918958316	0.000000000000
3696404	0.538056910455	0.021723362207	0.440219727338	0.000000000000
6728721	0.530319382540	0.004489272933	0.465191344528	0.000000000000
2706177	0.395474168138	0.007755048169	0.596770783693	0.000000000000
429076	0.309394827087	0.005158546613	0.685446626300	0.000000000000
2595864	0.319219017184	0.004446056308	0.676334926508	0.000000000000
5991440	0.342387216289	0.004603738588	0.653009045123	0.000000000000
3693572	0.386815658902	0.004947135555	0.608237205543	0.000000000000
1408000	0.318775754773	0.005893813248	0.675330431979	0.000000000000
678917	0.375208491016	0.005073865388	0.619717643596	0.000000000000
1459984	0.314386347284	0.031344901373	0.654268751343	0.000000000000
2705690	0.216869200796	0.336917393173	0.446213406031	0.000000000000
2787841	0.260732907241	0.106973995272	0.632293097487	0.000000000000
171025	0.333740387221	0.005903741392	0.660355871387	0.000000000000
568085	0.290725245050	0.008543459573	0.700731295377	0.000000000000
2791681	0.313811098964	0.006947364487	0.679241536550	0.000000000000
1800472	0.549067805717	0.007369602594	0.443562591689	0.000000000000
1258769	0.233725436605	0.199997196759	0.566277366636	0.000000000000
599061	0.530374279334	0.015716835328	0.453908885338	0.000000000000
31504	0.489858109308	0.006366860090	0.503775030602	0.000000000000
3430918	0.412660952728	0.009636139377	0.577702907895	0.000000000000
3504146	0.330190199871	0.019067875798	0.650741924331	0.000000000000
2902790	0.622110326204	0.004407511750	0.373482162046	0.000000000000
3709972	0.310033148319	0.005143362394	0.684823489287	0.000000000000
2832657	0.593550561115	0.008435418010	0.398014020875	0.000000000000
4737540	0.274702389295	0.048221577477	0.677076033228	0.000000000000
210182	0.272886123025	0.185611316682	0.541502560293	0.000000000000
2500377	0.239779852176	0.106601981891	0.653618165933	0.000000000000
5745412	0.377765864005	0.007388874873	0.614845261122	0.000000000000
477209	0.340043590390	0.021511951149	0.638444458461	0.000000000000
358145	0.152762593558	0.012713279885	0.834524126557	0.000000000000
3889170	0.565279880208	0.007141255291	0.427578864501	0.000000000000
80400	0.322598674067	0.011981517301	0.665419808632	0.000000000000
533270	0.542122777264	0.022275834198	0.435601388538	0.000000000000
9218832	0.562706154982	0.005111825937	0.432182019081	0.000000000000
75547	0.342165877087	0.033268625197	0.624565497715	0.000000000000
198678	0.261941220718	0.076822223157	0.661236556126	0.000000000000
1132561	0.507313537783	0.008751950588	0.483934511629	0.000000000000
1782810	0.515821372840	0.007717671628	0.476460955531	0.000000000000
1665536	0.332659971594	0.011582055523	0.655757972883	0.000000000000
1325840	0.356377722647	0.008313944253	0.635308333100	0.000000000000
1726214	0.579943164298	0.009810173894	0.410246661808	0.000000000000
3447557	0.382741031966	0.007197904110	0.610061063923	0.000000000000
8162066	0.575484259804	0.004267349723	0.420248390473	0.000000000000
3565849	0.248285935208	0.061254893991	0.690459170801	0.000000000000
1516038	0.346082237733	0.008963945655	0.644953816612	0.000000000000
2500123	0.021590792289	0.956818415422	0.021590792289	0.000000000000
3709696	0.296451447874	0.008614124595	0.694934427532	0.000000000000
4693016	0.345852722414	0.004006881956	0.650140395631	0.000000000000
1288705	0.200994099179	0.006241882283	0.792764018539	0.000000000000
3623188	0.365804202992	0.015150931143	0.619044865865	0.000000000000
1320965	0.390167283380	0.019692764836	0.590139951784	0.000000000000
3827729	0.554356002205	0.010965926611	0.434678071184	0.000000000000
1251588	0.303022710920	0.058973756996	0.638003532083	0.000000000000
4950529	0.574782865659	0.007319961876	0.417897172465	0.000000000000
2472966	0.393051701100	0.004321078500	0.602627220400	0.000000000000
1395224	0.358055578916	0.010371406012	0.631573015072	0.000000000000
1184517	0.255393318009	0.327117731431	0.417488950560	0.000000000000
2775578	0.219244947159	0.264558162569	0.516196890272	0.000000000000
4811286	0.350628743494	0.009762285202	0.639608971304	0.000000000000
2638866	0.301103659163	0.011219386277	0.687676954559	0.000000000000
272410	0.339378988778	0.020722955737	0.639898055485	0.000000000000
197656	0.238796381951	0.266106952971	0.495096665078	0.000000000000
2372870	0.392484044889	0.076318807875	0.531197147236	0.000000000000
297217	0.341420098300	0.012933451069	0.645646450630	0.000000000000
1382150	0.288864594137	0.100393972098	0.610741433764	0.000000000000
206337	0.398407058560	0.049177015296	0.552415926144	0.000000000000
1162002	0.183872139527	0.004917935133	0.811209925340	0.000000000000
1267717	0.366677295620	0.019530410488	0.613792293892	0.000000000000
88065	0.357226870929	0.020857277680	0.621915851391	0.000000000000
662532	0.377371074295	0.006192241565	0.616436684140	0.000000000000
8952347	0.549568884964	0.005435366617	0.444995748419	0.000000000000
1118747	0.618857983162	0.026198034928	0.354943981910	0.000000000000
2831634	0.561791597754	0.007731687831	0.430476714415	0.000000000000
11250437	0.071573739243	0.856852521515	0.071573739243	0.000000000000
1338372	0.373103140564	0.005124090115	0.621772769321	0.000000000000
3820056	0.224360861155	0.360649160429	0.414989978415	0.000000000000
556038	0.399445425579	0.004338014745	0.596216559676	0.000000000000
7838736	0.513987586316	0.004423863987	0.481588549697	0.000000000000
1784340	0.592075355778	0.008638652949	0.399285991273	0.000000000000
4688411	0.332308398509	0.008716910081	0.658974691410	0.000000000000
76820	0.318359940758	0.006815962586	0.674824096656	0.000000000000
621056	0.320709406741	0.011614175987	0.667676417272	0.000000000000
1538310	0.268113021987	0.058073799979	0.673813178034	0.000000000000
5921560	0.227405881199	0.038106551173	0.734487567628	0.000000000000
1673234	0.273180463282	0.008827871686	0.717991665031	0.000000000000
791045	0.563873003859	0.006175889328	0.429951106813	0.000000000000
2582810	0.316799470188	0.013877792728	0.669322737084	0.000000000000
1804826	0.513503443314	0.007312369766	0.479184186920	0.000000000000
268550	0.406214083481	0.014637587718	0.579148328801	0.000000000000
485648	0.319066006971	0.014609555313	0.666324437717	0.000000000000
2783750	0.274103780637	0.143586652837	0.582309566526	0.000000000000
3431425	0.401114521720	0.005054593110	0.593830885170	0.000000000000
1263129	0.330642806418	0.050571627468	0.618785566114	0.000000000000
3951360	0.615154785599	0.005969734346	0.378875480055	0.000000000000
1333528	0.335125071249	0.014621819490	0.650253109261	0.000000000000
3583001	0.348917014736	0.004406927742	0.646676057522	0.000000000000
2316036	0.377814336707	0.030814621703	0.591371041591	0.000000000000
2509830	0.410445808688	0.004290710061	0.585263481251	0.000000000000
146196	0.332117427746	0.009282230258	0.658600341995	0.000000000000
1647872	0.581004891655	0.015976719087	0.403018389258	0.000000000000
2312984	0.370000887693	0.007747456059	0.622251656248	0.000000000000
1345813	0.309345186369	0.013209103056	0.677445710575	0.000000000000
236565	0.328347653220	0.006066095740	0.665586251040	0.000000000000
7113499	0.572546697315	0.003348704436	0.424104598249	0.000000000000
1472530	0.287006863267	0.019518730319	0.693474406414	0.000000000000
3639318	0.137573701866	0.009915879423	0.852510418711	0.000000000000
465424	0.344118801334	0.011167993534	0.644713205132	0.000000000000
7052050	0.222511306404	0.085213256525	0.692275437072	0.000000000000
133146	0.244016833459	0.073788883282	0.682194283258	0.000000000000
6011909	0.266498822639	0.011897420084	0.721603757277	0.000000000000
6777620	0.285774021435	0.031881021127	0.682344957437	0.000000000000
6973957	0.071576075276	0.856847849447	0.071576075276	0.000000000000
1385234	0.486569557742	0.082718956447	0.430711485811	0.000000000000
1796379	0.562576505107	0.006916996047	0.430506498846	0.000000000000
166406	0.376870579056	0.009922887525	0.613206533419	0.000000000000
153093	0.340438380101	0.041862309496	0.617699310403	0.000000000000
136216	0.351811360600	0.133562731851	0.514625907549	0.000000000000
804630	0.568844667769	0.005054593110	0.426100739121	0.000000000000
538896	0.337461689046	0.015191227726	0.647347083228	0.000000000000
340997	0.474049000645	0.071649660341	0.454301339015	0.000000000000
471825	0.295158453172	0.012546253469	0.692295293359	0.000000000000
3488025	0.269975424925	0.063174529756	0.666850045319	0.000000000000
2635526	0.598664139078	0.020238228726	0.381097632196	0.000000000000
272918	0.367964450238	0.011363636364	0.620671913399	0.000000000000
2906905	0.601108798438	0.004597898504	0.394293303058	0.000000000000
1194000	0.337367663686	0.021516623216	0.641115713098	0.000000000000
3827481	0.551627514740	0.010275628627	0.438096856633	0.000000000000
2530304	0.320353745597	0.005865780843	0.673780473561	0.000000000000
3496728	0.266421149516	0.040112036180	0.693466814304	0.000000000000
301844	0.317656210579	0.008193638513	0.674150150908	0.000000000000
2447888	0.243038035302	0.048145656379	0.708816308319	0.000000000000
2914582	0.562878437474	0.004591474411	0.432530088115	0.000000000000
2468632	0.342096964090	0.007267985124	0.650635050785	0.000000000000
11254811	0.245673665424	0.010798900195	0.743527434381	0.000000000000
9145115	0.021732706342	0.956534587316	0.021732706342	0.000000000000
3832321	0.265128738822	0.146987918033	0.587883343145	0.000000000000
406809	0.515261308740	0.051866958204	0.432871733057	0.000000000000
1604122	0.319349251068	0.009977200310	0.670673548622	0.000000000000
5797908	0.220158920379	0.160750077089	0.619091002532	0.000000000000
1463835	0.217800110261	0.270217788430	0.511982101309	0.000000000000
1652757	0.562409478691	0.015363510218	0.422227011091	0.000000000000
2582532	0.351740111569	0.020694339323	0.627565549108	0.000000000000
4884997	0.259671763892	0.100947612106	0.639380624001	0.000000000000
1323798	0.291103682524	0.016264635252	0.692631682225	0.000000000000
2438937	0.359068833572	0.032837042955	0.608094123473	0.000000000000
157953	0.364526976518	0.014823886413	0.620649137069	0.000000000000
2324741	0.375634817182	0.013691494034	0.610673688784	0.000000000000
3950596	0.601646670217	0.005067441295	0.393285888487	0.000000000000
3951120	0.566298390940	0.005054593110	0.428647015950	0.000000000000
6077201	0.283340458236	0.004367799176	0.712291742588	0.000000000000
662022	0.275386847195	0.448915613115	0.275697539689	0.000000000000
227348	0.317451807623	0.020239396743	0.662308795634	0.000000000000
6720016	0.494038441772	0.008063404629	0.497898153599	0.000000000000
1525274	0.497907497734	0.030511521319	0.471580980947	0.000000000000
2714372	0.391035119932	0.007853161588	0.601111718480	0.000000000000
8100114	0.284043604407	0.004971663910	0.710984731683	0.000000000000
1852698	0.514141180538	0.004683747746	0.481175071716	0.000000000000
100379	0.152121352283	0.010396518375	0.837482129342	0.000000000000
543505	0.351796760388	0.008195974547	0.640007265065	0.000000000000
411652	0.371012390323	0.020595641895	0.608391967781	0.000000000000
3496965	0.293256921668	0.025226244872	0.681516833459	0.000000000000
2837504	0.344412557583	0.006071351816	0.649516090601	0.000000000000
526596	0.259920551491	0.056662835571	0.683416612938	0.000000000000
3692037	0.534338528672	0.019121020566	0.446540450761	0.000000000000
1656321	0.568743634308	0.014667956157	0.416588409535	0.000000000000
5659417	0.283975859427	0.034132957699	0.681891182874	0.000000000000
4749592	0.334131088872	0.014154612732	0.651714298396	0.000000000000
2927376	0.544340841346	0.005437702651	0.450221456003	0.000000000000
5863686	0.271484502752	0.147073767275	0.581441729973	0.000000000000
289536	0.317647450453	0.008747278521	0.673605271027	0.000000000000
400146	0.361168927947	0.008308104168	0.630522967884	0.000000000000
3631899	0.375228931311	0.006540310599	0.618230758090	0.000000000000
6974470	0.293934955475	0.023141918725	0.682923125800	0.000000000000
1534484	0.345203889029	0.011094992478	0.643701118493	0.000000000000
3508485	0.357462810342	0.012083134770	0.630454054887	0.000000000000
1341697	0.360483302030	0.014184397163	0.625332300806	0.000000000000
3570200	0.336330464684	0.010130210523	0.653539324793	0.000000000000
7961109	0.238088563713	0.041725067511	0.720186368776	0.000000000000
411142	0.266763962474	0.319760393014	0.413475644512	0.000000000000
800513	0.607440618021	0.005555672357	0.387003709622	0.000000000000
5597208	0.519633195975	0.011852451434	0.468514352592	0.000000000000
1319681	0.474487006980	0.124827717508	0.400685275512	0.000000000000
1333264	0.314605350452	0.020542497127	0.664852152422	0.000000000000
5724692	0.272963212140	0.045187653594	0.681849134266	0.000000000000
1787666	0.561807949990	0.007293681496	0.430898368514	0.000000000000
3823382	0.565987114438	0.010261612424	0.423751273138	0.000000000000
5946368	0.306937319541	0.005678314131	0.687384366327	0.000000000000
5798677	0.354446406713	0.007319961876	0.638233631411	0.000000000000
3566084	0.283172263804	0.047362501051	0.669465235145	0.000000000000
1792539	0.588115778507	0.006925172166	0.404959049328	0.000000000000
1481488	0.301977335800	0.007860753698	0.690161910502	0.000000000000
1530390	0.363392832114	0.010540768462	0.626066399424	0.000000000000
3770651	0.227098108747	0.112828679954	0.660073211299	0.000000000000
4880656	0.526036264589	0.010023336978	0.463940398434	0.000000000000
88336	0.316619595586	0.015508928321	0.667871476093	0.000000000000
6785797	0.374104715051	0.006978900943	0.618916384007	0.000000000000
463105	0.341045748886	0.006512278194	0.652441972921	0.000000000000
546565	0.531792835852	0.019386744410	0.448820419739	0.000000000000
345370	0.201027387660	0.323149978041	0.475822634299	0.000000000000
3508998	0.397007190312	0.006724857268	0.596267952420	0.000000000000
1289233	0.352145997440	0.005777011559	0.642076991002	0.000000000000
146181	0.360852979377	0.008493818855	0.630653201768	0.000000000000
1661702	0.402562862669	0.006987661070	0.590449476261	0.000000000000
437266	0.321413720928	0.004572202132	0.674014076940	0.000000000000
3779605	0.306063642905	0.005100729777	0.688835627319	0.000000000000
7117590	0.576018043525	0.004236981284	0.419744975191	0.000000000000
1190936	0.246727800671	0.023471299489	0.729800899840	0.000000000000
485657	0.331067964567	0.014926671899	0.654005363534	0.000000000000
2569243	0.535627435315	0.032006582943	0.432365981742	0.000000000000
3687446	0.308656056401	0.011266690961	0.680077252637	0.000000000000
5658904	0.272000182211	0.057150482625	0.670849335165	0.000000000000
11258886	0.174961922649	0.003768606509	0.821269470842	0.000000000000
1651730	0.545608723685	0.015039969538	0.439351306777	0.000000000000
1517840	0.341484923238	0.014980400677	0.643534676086	0.000000000000
808465	0.543304226352	0.005205267289	0.451490506359	0.000000000000
596752	0.342275670675	0.008538203497	0.649186125828	0.000000000000
1201690	0.308662480494	0.044416178436	0.646921341070	0.000000000000
2382340	0.384889015035	0.010632457788	0.604478527177	0.000000000000
4680208	0.353106107327	0.010096922042	0.636796970631	0.000000000000
1271556	0.362742246704	0.029015291677	0.608242461619	0.000000000000
3684629	0.220570062325	0.064335538549	0.715094399125	0.000000000000
2573828	0.559257585102	0.031311028883	0.409431386016	0.000000000000
3758106	0.529244806997	0.013791359478	0.456963833525	0.000000000000
5924886	0.570396378213	0.009804917818	0.419798703968	0.000000000000
2832129	0.597035923528	0.008184294378	0.394779782095	0.000000000000
5859864	0.352919224624	0.009872078790	0.637208696587	0.000000000000
2783254	0.542440477859	0.010277380652	0.447282141489	0.000000000000
747538	0.546484736355	0.007365514535	0.446149749110	0.000000000000
1455124	0.509975448285	0.052226707407	0.437797844308	0.000000000000
1338139	0.348573617769	0.006876115456	0.644550266775	0.000000000000
5990917	0.574131112232	0.007080518413	0.418788369355	0.000000000000
4885530	0.331938137153	0.003864967903	0.664196894944	0.000000000000
2513433	0.365501102608	0.010458423271	0.624040474121	0.000000000000
6847506	0.389040731085	0.003897088367	0.607062180547	0.000000000000
812800	0.560382969379	0.005893813248	0.433723217373	0.000000000000
551954	0.354145058354	0.004375975294	0.641478966352	0.000000000000
2840081	0.549676926527	0.008099613153	0.442223460320	0.000000000000
682522	0.213856885226	0.193671217260	0.592471897514	0.000000000000
5946369	0.350743209150	0.004859534288	0.644397256562	0.000000000000
2579221	0.341036988759	0.007929666695	0.651033344546	0.000000000000
83474	0.320152262682	0.050669156879	0.629178580439	0.000000000000
3836177	0.537505606481	0.010939062223	0.451555331296	0.000000000000
1345798	0.369846709463	0.011980933292	0.618172357245	0.000000000000
350212	0.244788892627	0.080578565488	0.674632541885	0.000000000000
6790164	0.361914122726	0.004763756903	0.633322120371	0.000000000000
4746264	0.369057714051	0.003839855540	0.627102430410	0.000000000000
71428	0.278036493520	0.104287556415	0.617675950065	0.000000000000
1464592	0.327873438361	0.014686644428	0.657439917211	0.000000000000
2390292	0.333801124099	0.014946528187	0.651252347714	0.000000000000
428566	0.304676622843	0.010459591288	0.684863785870	0.000000000000
1878811	0.574217545483	0.004437880189	0.421344574328	0.000000000000
662289	0.348119259197	0.009295662452	0.642585078351	0.000000000000
6990596	0.254711780151	0.028235056392	0.717053163457	0.000000000000
735509	0.558258930657	0.008778230968	0.432962838374	0.000000000000
1202203	0.351046309534	0.020683243162	0.628270447304	0.000000000000
1124368	0.500885356806	0.009022930508	0.490091712687	0.000000000000
3897617	0.557722810903	0.008039460283	0.434237728815	0.000000000000
3968016	0.235008503163	0.107809127351	0.657182369486	0.000000000000
1600513	0.390311533466	0.005059265177	0.604629201357	0.000000000000
3500571	0.359419238640	0.009506489502	0.631074271858	0.000000000000
5930008	0.356167479606	0.003992865753	0.639839654641	0.000000000000
2304277	0.275464520319	0.062063745690	0.662471733991	0.000000000000
6981650	0.284253263439	0.006834650856	0.708912085704	0.000000000000
4744961	0.571175445482	0.020132523197	0.408692031322	0.000000000000
463616	0.553901643633	0.033048454013	0.413049902354	0.000000000000
1583642	0.337725076856	0.010398270401	0.651876652744	0.000000000000
6789915	0.361119287229	0.006128584644	0.632752128127	0.000000000000
5601051	0.188352068324	0.011664984722	0.799982946953	0.000000000000
735236	0.602748694157	0.008354240836	0.388897065007	0.000000000000
1853701	0.577167956157	0.005003784375	0.417828259468	0.000000000000
105216	0.321219246115	0.009235509582	0.669545244302	0.000000000000
4627456	0.346895177492	0.005427774507	0.647677048001	0.000000000000
4815616	0.335693895477	0.008174366234	0.656131738289	0.000000000000
5990676	0.580798736673	0.007639414496	0.411561848831	0.000000000000
2905883	0.561560330409	0.003723053850	0.434716615741	0.000000000000
2333460	0.362235327372	0.008222838935	0.629541833693	0.000000000000
1533716	0.212771797531	0.211547131818	0.575681070651	0.000000000000
1513477	0.260911613826	0.075402498622	0.663685887553	0.000000000000
602907	0.305583587961	0.008569155944	0.685847256095	0.000000000000
760325	0.541650898439	0.007714751586	0.450634349975	0.000000000000
5798144	0.332352199142	0.015139834983	0.652507965875	0.000000000000
3640320	0.317557513152	0.005858772741	0.676583714107	0.000000000000
416774	0.395141283324	0.004243405377	0.600615311300	0.000000000000
1878805	0.548708056513	0.005768835440	0.445523108046	0.000000000000
100634	0.305343560489	0.013262247825	0.681394191686	0.000000000000
1197573	0.354894341192	0.044537652193	0.600568006616	0.000000000000
633617	0.294857104813	0.008602444426	0.696540450761	0.000000000000
1594881	0.548980204450	0.020508040628	0.430511754922	0.000000000000
703259	0.117287584448	0.004133611789	0.878578803764	0.000000000000
498436	0.342577603042	0.007930834712	0.649491562246	0.000000000000
215318	0.340149879928	0.015413734944	0.644436385128	0.000000000000
4803093	0.221700118671	0.048962100188	0.729337781142	0.000000000000
345089	0.305994729908	0.016766882516	0.677238387576	0.000000000000
1342469	0.366848994104	0.004948887581	0.628202118315	0.000000000000
6056987	0.230750497575	0.213751763706	0.555497738719	0.000000000000
3836690	0.336107373457	0.007368434577	0.656524191966	0.000000000000
2735124	0.313254538914	0.005491431428	0.681254029658	0.000000000000
1520664	0.527952396303	0.032771050000	0.439276553696	0.000000000000
1137690	0.499837645652	0.005438870668	0.494723483680	0.000000000000
2833174	0.228589666321	0.434452059915	0.336958273764	0.000000000000
666386	0.352274479298	0.008222838935	0.639502681767	0.000000000000
2447385	0.243818854596	0.080865897644	0.675315247760	0.000000000000
4561413	0.364153211112	0.009284566292	0.626562222596	0.000000000000
7043602	0.576232958634	0.007068254235	0.416698787131	0.000000000000
3434246	0.384256533887	0.027670320224	0.588073145890	0.000000000000
3622169	0.548852306600	0.032188209570	0.418959483830	0.000000000000
1739270	0.270287869444	0.103815093582	0.625897036975	0.000000000000
1268230	0.400951583364	0.010150066811	0.588898349826	0.000000000000
2644251	0.351733687476	0.013898817032	0.634367495491	0.000000000000
4937729	0.596005148618	0.007184471916	0.396810379465	0.000000000000
1853718	0.594169610069	0.004846102094	0.400984287837	0.000000000000
502806	0.317733883703	0.005150954503	0.677115161794	0.000000000000
6060564	0.575595221409	0.004786533232	0.419618245358	0.000000000000
5024794	0.223316654052	0.059801880974	0.716881464974	0.000000000000
7043354	0.532680528691	0.006655944272	0.460663527037	0.000000000000
2373632	0.370605920444	0.021789355161	0.607604724395	0.000000000000
2237208	0.598552009456	0.034718718172	0.366729272372	0.000000000000
275218	0.275230916940	0.016133817360	0.708635265700	0.000000000000
9022228	0.343593193732	0.008128229567	0.648278576701	0.000000000000
264982	0.255508951681	0.025360566815	0.719130481503	0.000000000000
2644736	0.347709869276	0.008523019277	0.643767111448	0.000000000000
4737307	0.248750221923	0.059600398060	0.691649380017	0.000000000000
3386139	0.518176678907	0.005383973874	0.476439347219	0.000000000000
3819545	0.585064334371	0.010146562760	0.404789102870	0.000000000000
2333713	0.365265747204	0.005529391977	0.629204860819	0.000000000000
670470	0.396836075837	0.007554733272	0.595609190891	0.000000000000
2574593	0.387968491576	0.014449536998	0.597581971426	0.000000000000
617494	0.360096688439	0.004914431082	0.634988880479	0.000000000000
3491860	0.375723002458	0.021603056467	0.602673941076	0.000000000000
5925377	0.259328950934	0.199789289752	0.540881759314	0.000000000000
6715665	0.521809211448	0.010297820948	0.467892967604	0.000000000000
2513681	0.357056924471	0.008099613153	0.634843462376	0.000000000000
157457	0.314228665003	0.030887622759	0.654883712238	0.000000000000
4942614	0.234315869145	0.214379572786	0.551304558069	0.000000000000
747289	0.545092460217	0.007818705090	0.447088834693	0.000000000000
157462	0.320030204917	0.030449032415	0.649520762668	0.000000000000
4613904	0.227877176015	0.100385795980	0.671737028004	0.000000000000
9153051	0.293588054458	0.003740574104	0.702671371439	0.000000000000
5136	0.487835104047	0.007399387025	0.504765508928	0.000000000000
4626960	0.327281837805	0.009864486680	0.662853675516	0.000000000000
4553220	0.390616969884	0.009999392631	0.599383637485	0.000000000000
1850374	0.272693984246	0.401091161383	0.326214854372	0.000000000000
1468184	0.209729113522	0.103403367626	0.686867518852	0.000000000000
5790232	0.258312192228	0.044795199918	0.696892607855	0.000000000000
2304790	0.291671338734	0.035313822779	0.673014838487	0.000000000000
1530907	0.358636667321	0.003852119717	0.637511212962	0.000000000000
1844497	0.585571837711	0.005983166541	0.408444995748	0.000000000000
3897369	0.544084461638	0.007317625842	0.448597912520	0.000000000000
1149200	0.457231309394	0.007766728338	0.535001962268	0.000000000000
4889115	0.229810243975	0.086242863417	0.683946892608	0.000000000000
529688	0.563789490651	0.021749642587	0.414460866762	0.000000000000
659718	0.343932502640	0.006048575487	0.650018921874	0.000000000000
1590784	0.556939071567	0.021414421738	0.421646506695	0.000000000000
3570689	0.377379834422	0.004959399733	0.617660765845	0.000000000000
2731008	0.304000341061	0.006059087639	0.689940571300	0.000000000000
735769	0.590125935582	0.008452354255	0.401421710164	0.000000000000
1320219	0.354123450042	0.081560867696	0.564315682262	0.000000000000
594969	0.570454195049	0.015971463011	0.413574341939	0.000000000000
506898	0.317836085181	0.004802301460	0.677361613358	0.000000000000
1721618	0.543135447911	0.010369069978	0.446495482111	0.000000000000
1584155	0.357623412665	0.004446056308	0.637930531027	0.000000000000
3888406	0.311517697792	0.006092376120	0.682389926088	0.000000000000
3430420	0.345716648446	0.021518959250	0.632764392304	0.000000000000
546586	0.504411599809	0.020175739822	0.475412660369	0.000000000000
2569490	0.541335533877	0.032710313122	0.425954153001	0.000000000000
402708	0.526672833796	0.052557256188	0.420769910016	0.000000000000
3770630	0.271317476336	0.107781678954	0.620900844710	0.000000000000
817426	0.554327385791	0.004606074622	0.441066539586	0.000000000000
3652374	0.142286066026	0.003957825246	0.853756108728	0.000000000000
1485586	0.314983787926	0.007470052047	0.677546160028	0.000000000000
1141522	0.521747890561	0.006124496585	0.472127612854	0.000000000000
150544	0.327678963549	0.006009446921	0.666311589531	0.000000000000
5933846	0.338456839440	0.006964300732	0.654578859829	0.000000000000
158229	0.323640545137	0.011588479616	0.664770975247	0.000000000000
6990619	0.228274885768	0.027031998991	0.744693115241	0.000000000000
7965696	0.362404105813	0.005567352526	0.632028541661	0.000000000000
9021970	0.141066656388	0.005183658976	0.853749684635	0.000000000000
1399046	0.280826885880	0.060179150431	0.658993963689	0.000000000000
2072	0.648644165989	0.017390603538	0.333965230473	0.000000000000
6060313	0.571483217933	0.003927456807	0.424589325260	0.000000000000
502289	0.110329707809	0.006223778021	0.883446514170	0.000000000000
2307608	0.260285556770	0.147270578122	0.592443865108	0.000000000000
739608	0.581073220643	0.007504508545	0.411422270812	0.000000000000
2726171	0.063628304320	0.041678346836	0.894693348845	0.000000000000
1346048	0.320976882610	0.011125944926	0.667897172465	0.000000000000
3967257	0.549042693354	0.004423279978	0.446534026668	0.000000000000
2776064	0.347695853073	0.005960390211	0.646343756716	0.000000000000
2517008	0.223280445528	0.078315532756	0.698404021716	0.000000000000
1586715	0.557149314608	0.020729963838	0.422120721554	0.000000000000
1665051	0.546307197787	0.014081027668	0.439611774545	0.000000000000
297734	0.370924205048	0.006944444444	0.622131350508	0.000000000000
1464084	0.317979751259	0.033332282118	0.648687966623	0.000000000000
1358875	0.353111947411	0.004200188752	0.642687863837	0.000000000000
4942854	0.405527873555	0.003858543810	0.590613582635	0.000000000000
2640662	0.366184976500	0.007290761454	0.626524262047	0.000000000000
604946	0.354017160504	0.007867761799	0.638115077696	0.000000000000
4950810	0.218416823181	0.103460016446	0.678123160373	0.000000000000
2709520	0.534866472309	0.014585026958	0.450548500734	0.000000000000
3357464	0.652095071903	0.031106625926	0.316798302171	0.000000000000
2403097	0.355435717022	0.007301857614	0.637262425364	0.000000000000
330522	0.227929152767	0.025103603099	0.746967244134	0.000000000000
5749522	0.168675655725	0.003395425111	0.827928919164	0.000000000000
1250836	0.269359296013	0.146826147693	0.583814556294	0.000000000000
3885061	0.568595296162	0.007301857614	0.424102846224	0.000000000000
5863707	0.227949593063	0.154223782693	0.617826624244	0.000000000000
1718273	0.607195334473	0.010965926611	0.381838738916	0.000000000000
3763201	0.395672731010	0.004944215513	0.599383053476	0.000000000000
96017	0.139627659574	0.013818223867	0.846554116559	0.000000000000
3910162	0.280833309973	0.004651043273	0.714515646754	0.000000000000
75026	0.320168030910	0.083157546791	0.596674422299	0.000000000000
3693076	0.357572019922	0.010955414459	0.631472565619	0.000000000000
4619284	0.355501125968	0.004648707239	0.639850166793	0.000000000000
6786072	0.365496430540	0.003906432503	0.630597136957	0.000000000000
2452480	0.330363650380	0.005814972108	0.663821377512	0.000000000000
2398976	0.339136625272	0.008538787505	0.652324587223	0.000000000000
730138	0.520450807800	0.008093773068	0.471455419131	0.000000000000
755985	0.535271190162	0.008305768135	0.456423041703	0.000000000000
340758	0.283551869294	0.015065665910	0.701382464796	0.000000000000
398619	0.540823358469	0.051279445706	0.407897195825	0.000000000000
2706457	0.362360305179	0.004637027070	0.633002667751	0.000000000000
2443265	0.398148342818	0.020339262187	0.581512394995	0.000000000000
539142	0.399819190985	0.010209051664	0.589971757351	0.000000000000
5016325	0.557776539680	0.004581546267	0.437641914053	0.000000000000
420377	0.217164125062	0.050147053327	0.732688821611	0.000000000000
1408001	0.361740672217	0.005058681169	0.633200646614	0.000000000000
