#heads-up range gpu auto-tune cache
#Mon Feb 23 17:30:26 CET 2026
device.0.blockSize=256
device.0.elapsedSeconds=0.015146100000000001
device.0.entriesPerSecond=2163461.2210403997
device.0.fingerprint=NVIDIA GeForce GTX 960M|5|1176|4095|5.0
device.0.index=0
device.0.maxChunkHeroes=512
device.0.memoryPath=readonly
device.count=1
updatedAtMillis=1771864226148
version=1
