#postflop gpu auto-tune cache
#Tue Mar 10 04:09:48 CET 2026
device.0.blockSize=256
device.0.elapsedSeconds=0.19317970000000004
device.0.fingerprint=NVIDIA GeForce GTX 960M|5|1176|4095|5.0
device.0.index=0
device.0.maxChunkMatchups=1024
device.0.trials=700
device.0.villains=1024
device.0.workUnitsPerSecond=3710534.8025698345
device.count=1
updatedAtMillis=1773112188032
version=1
