#postflop gpu auto-tune cache
#Tue Mar 24 13:32:54 CET 2026
device.0.blockSize=256
device.0.elapsedSeconds=0.5517789666666667
device.0.fingerprint=NVIDIA GeForce GTX 960M|5|1176|4095|5.0
device.0.index=0
device.0.maxChunkMatchups=4096
device.0.trials=2000
device.0.villains=1024
device.0.workUnitsPerSecond=3711631.148922011
device.count=1
gpuLibraryIdentity=lib\=sicfun_postflop_cuda
tune.blockCandidates=64,96,128,160,192,256
tune.chunkCandidates=256,512,1024,2048,4096
tune.runs=3
tune.seedBase=8012437196093767959
tune.trials=2000
tune.villains=1024
tune.warmupRuns=1
updatedAtMillis=1774355574802
version=1
